0: [83, 56, 98, 18, 55, 26, 13, 89, 19, 6]
1: [81, 12]
2: [30, 61, 55]
3: [86, 77, 39, 91, 23, 57, 1, 44, 60]
4: [67, 32]
5: [28, 43]
6: [73, 70, 80, 21, 30, 65, 81, 43]
7: [38, 95, 26]
8: [0, 3, 60, 43, 84, 12, 75]
9: [10, 71, 70]
10: [21]
11: [26, 42]
12: [48, 37]
13: [49, 73, 21, 74, 61, 75, 16, 65]
14: [76, 32, 54, 43, 19]
15: [99, 58, 91, 28]
16: [67, 78, 59, 9, 23]
17: [99, 91, 21, 62, 54, 87, 44, 10, 67]
18: [95, 54, 42]
19: [89]
20: [40, 28, 6, 47, 41, 15, 81, 2]
21: [40, 20, 51, 14]
22: [26, 24, 87, 72]
23: [3, 83, 30, 95, 11]
24: [75]
25: [71, 90, 61, 36, 47, 85, 31, 0, 39]
26: [66, 48]
27: [30, 53, 48, 2, 21, 10, 20, 88, 79, 55]
28: [6]
29: [70, 59, 58, 19, 22, 89]
30: [1, 78, 87, 13]
31: [47, 87, 76, 59, 16, 7]
32: [96, 97, 40, 82, 51, 26, 48, 65]
33: [78, 47, 75, 98]
34: [87]
35: [2, 36, 83, 17, 47, 13, 77, 46, 34]
36: [84, 99, 65, 71, 44, 88, 41, 12, 18, 7]
37: [72, 32, 38]
38: [40, 24, 50, 7]
39: [76, 90, 46, 77, 8, 15, 87]
40: [36, 62, 82, 0, 52, 95, 57, 53, 84, 15]
41: [77, 44]
42: [44, 49, 75, 63, 70, 41, 33, 27]
43: [45, 78, 90]
44: [76, 81]
45: [95, 79, 65, 35, 40]
46: [27, 37]
47: [1, 4, 67, 64, 16, 62, 2]
48: [70, 92, 89]
49: [43, 87, 89, 50, 10]
50: [34, 39, 18, 76]
51: [87, 24]
52: [71, 90, 46]
53: [54, 0, 94, 73]
54: [47, 32, 45, 73, 93, 84, 41]
55: [36, 24, 2, 5]
56: [85, 70, 3, 98, 71, 57, 87]
57: [67, 20, 63, 96, 5, 14, 71, 27, 8]
58: [76, 78, 2]
59: [38, 57, 94, 67, 23, 58, 26]
60: [17, 49, 14, 11]
61: [27, 29, 86, 18, 84, 39, 68, 31, 42]
62: [6, 95, 23, 5, 89, 67]
63: [18, 23, 58, 81, 25, 44, 50, 57]
64: [84, 73, 65, 4]
65: [18, 90, 80, 64, 7, 40, 32, 31, 29, 37]
66: [73, 0, 23, 45, 63, 52, 62]
67: [56]
68: [25, 76]
69: [7, 90, 82, 67, 46, 37, 75, 95, 4, 6]
70: [99, 56, 85, 89, 81, 19, 65, 40]
71: [42, 8]
72: [21, 45, 22, 69, 68, 50, 1, 20]
73: [40, 47, 66, 80, 35, 2, 69, 1]
74: [43, 53, 49, 94, 76, 51, 42]
75: [60, 25, 8, 4, 97, 88, 86, 26, 23, 15]
76: [27, 74, 9, 18, 66, 59, 75]
77: [21, 43, 80, 88, 85]
78: [42, 96, 12, 46, 37, 55, 30, 74, 60, 82]
79: [58, 80, 34, 17, 72, 19, 60, 63]
80: [45, 4, 92, 88, 18, 16]
81: [29, 96, 10, 43, 48]
82: [4, 44]
83: [67]
84: [5, 37, 72, 88, 24, 54, 10, 91, 20]
85: [41, 18, 2, 4, 92, 49, 14]
86: [5, 20, 31, 43]
87: [91, 26, 69, 76, 23, 12, 21, 59]
88: [70, 77, 56, 61, 80]
89: [50]
90: [21, 8]
91: [78, 79, 55, 67, 38, 99]
92: [0, 94, 83, 62, 42, 82, 36, 90]
93: [11]
94: [63, 97, 16]
95: [19, 53]
96: [75, 37, 83, 18, 70, 36]
97: [10, 57]
98: [28, 22, 78, 84]
99: [64, 27, 32, 63, 29, 89, 78, 11, 60, 44]
